0,435
0,434
0,433
0,432
0,431
0,430
45,5
0,429
0,428
0,427
0,426
45,4
0,425
0,424
0,423
45,3
45,2
0,422
45,1
45,0
0,421
0,420
0,419
0,418
44,4
0,417
0,416
0,415
44,3
44,2
0,414
44,1
44,0
0,413
0,412
0,411
0,410
0,409
0,408
43,4
0,407
0,406
0,405
43,3
43,2
0,404
43,1
43,0
0,403
0,402
42,4
42,3
42,2
42,1
42,0
0,401
0,400
25,2
25,0
25,1
25,3
0,399
26,4
26,2
26,0
26,1
26,3
0,398
0,397
0,396
0,278
0,395
0,394
24,2
41,5
0,393
41,4
41,3
41,2
41,1
41,0
0,392
40,4
0,391
0,386
40,3
40,2
0,9
40,1
40,0
24,1
24,3
27,1
27,3
39,35
10,308
10,34
